1,1,115.5,329.5,142.3,69.39999999999998,1,1,1.0
1,2,729.87,263.34,73.64999999999998,43.52000000000004,1,1,1.0
1,3,203.42,246.6,100.43000000000004,46.87000000000003,1,1,1.0
2,1,93.74,332.85,142.3,69.39999999999998,1,1,1.0
2,2,720.66,265.85,73.64999999999998,43.51999999999998,1,1,1.0
2,3,203.42,246.6,100.43000000000004,46.87000000000003,1,1,1.0
3,1,70.3,335.36,142.3,69.39999999999998,1,1,1.0
3,2,707.27,269.2,73.64999999999998,43.52000000000004,1,1,1.0
3,3,203.42,246.6,100.43000000000004,46.87000000000003,1,1,1.0
4,1,48.54,340.38,142.3,69.39999999999998,1,1,1.0
4,2,692.2,270.88,73.65999999999997,43.51999999999998,1,1,1.0
4,3,203.42,246.6,100.43000000000004,46.87000000000003,1,1,1.0
5,1,23.43,342.05,142.29999999999998,69.39999999999998,1,1,1.0
5,2,680.49,273.39,73.64999999999998,43.52000000000004,1,1,1.0
5,3,203.42,246.6,100.43000000000004,46.87000000000003,1,1,1.0
6,1,0.84,351.26,142.29999999999998,69.40000000000003,1,1,1.0
6,2,665.42,275.06,76.18000000000006,43.51999999999998,1,1,1.0
6,3,203.42,246.6,100.43000000000004,46.87000000000003,1,1,1.0
7,1,0.84,351.26,123.06,71.94,1,1,1.0
7,2,652.03,277.57,76.18000000000006,43.51999999999998,1,1,1.0
7,3,203.42,246.6,100.43000000000004,46.87000000000003,1,1,1.0
8,1,0.42,354.63,99.17999999999999,71.92000000000002,1,1,1.0
8,2,636.13,280.08,78.66999999999996,43.52000000000004,1,1,1.0
8,3,203.42,246.6,100.43000000000004,46.87000000000003,1,1,1.0
9,1,0.0,358.0,75.3,71.89999999999998,1,1,1.0
9,2,620.21,281.76,82.04999999999995,43.51999999999998,1,1,1.0
9,3,203.42,246.6,100.43000000000004,46.87000000000003,1,1,1.0
10,1,0.0,358.0,57.7,71.89999999999998,1,1,1.0
10,2,606.26,283.43,82.04999999999995,43.51999999999998,1,1,1.0
10,3,203.42,246.6,100.43000000000004,46.87000000000003,1,1,1.0
11,1,0.0,358.0,43.05,71.89999999999998,1,1,1.0
11,2,592.31,285.1,82.05000000000007,43.52999999999997,1,1,1.0
11,3,203.42,246.66,100.43000000000004,46.869999999999976,1,1,1.0
12,2,578.36,286.78,82.05999999999995,43.52000000000004,1,1,1.0
12,3,203.42,246.71,100.43000000000004,46.869999999999976,1,1,1.0
13,2,560.79,289.29,87.11000000000001,43.51999999999998,1,1,1.0
13,3,203.42,246.77,100.43000000000004,46.869999999999976,1,1,1.0
14,2,541.5,291.8,93.00999999999999,43.51999999999998,1,1,1.0
14,3,203.42,246.82,100.43000000000004,46.870000000000005,1,1,1.0
15,2,525.6,295.99,93.00999999999999,43.51999999999998,1,1,1.0
15,3,203.42,246.88,100.43000000000004,46.870000000000005,1,1,1.0
16,2,510.53,294.3,93.00999999999999,48.56,1,1,1.0
16,3,203.42,246.93,100.43000000000004,46.870000000000005,1,1,1.0
17,2,493.79,296.8,93.00999999999993,49.68000000000001,1,1,1.0
17,3,203.42,246.99,100.43000000000004,46.870000000000005,1,1,1.0
18,2,477.05,299.31,93.00999999999993,50.80000000000001,1,1,1.0
18,3,203.42,247.04,100.43000000000004,46.87000000000003,1,1,1.0
19,2,460.32,301.81,93.00000000000006,51.93000000000001,1,1,1.0
19,3,203.42,247.1,100.43000000000004,46.87000000000003,1,1,1.0
20,2,443.58,304.35,93.00000000000006,56.079999999999984,1,1,1.0
20,3,203.42,247.15,100.43000000000004,46.869999999999976,1,1,1.0
21,2,423.5,308.53,97.17999999999995,56.09000000000003,1,1,1.0
21,3,203.42,247.21,100.43000000000004,46.869999999999976,1,1,1.0
22,2,409.27,310.21,97.18,56.08000000000004,1,1,1.0
22,3,203.42,247.26,100.43000000000004,46.870000000000005,1,1,1.0
23,2,385.0,313.55,108.10000000000002,56.089999999999975,1,1,1.0
23,3,203.42,247.32,100.43000000000004,46.870000000000005,1,1,1.0
24,2,368.26,318.58,108.10000000000002,56.08000000000004,1,1,1.0
24,3,203.42,247.37,100.43000000000004,46.870000000000005,1,1,1.0
25,2,349.01,321.92,108.10000000000002,56.089999999999975,1,1,1.0
25,3,203.42,247.43,100.43000000000004,46.870000000000005,1,1,1.0
26,2,328.92,320.2,108.09999999999997,63.670000000000016,1,1,1.0
26,3,203.42,247.48,100.43000000000004,46.87000000000003,1,1,1.0
27,2,309.67,325.22,109.72999999999996,63.66999999999996,1,1,1.0
27,3,203.42,247.54,100.43000000000004,46.87000000000003,1,1,1.0
28,2,289.59,331.08,116.41000000000003,63.670000000000016,1,1,1.0
28,3,203.42,247.59,100.43000000000004,46.869999999999976,1,1,1.0
29,2,262.8,332.75,122.30000000000001,63.670000000000016,1,1,1.0
29,3,203.42,247.65,100.43000000000004,46.869999999999976,1,1,1.0
30,2,246.9,336.1,122.29999999999998,63.66999999999996,1,1,1.0
30,3,203.42,247.7,100.43000000000004,46.870000000000005,1,1,1.0
31,2,223.47,339.45,122.28999999999999,63.670000000000016,1,1,1.0
31,3,203.42,247.76,100.43000000000004,46.870000000000005,1,1,1.0
32,2,199.2,345.3,128.99,65.34999999999997,1,1,1.0
32,3,203.42,247.81,100.43000000000004,46.870000000000005,1,1,1.0
33,2,174.9,349.48,132.35999999999999,65.35999999999996,1,1,1.0
33,3,203.42,247.87,100.43000000000004,46.870000000000005,1,1,1.0
34,2,150.63,351.2,134.07,67.82,1,1,1.0
34,3,203.42,247.92,100.43000000000004,46.87000000000003,1,1,1.0
35,2,128.03,356.22,144.07000000000002,67.82,1,1,1.0
35,3,203.42,247.98,100.43000000000004,46.87000000000003,1,1,1.0
36,2,100.41,361.25,145.79,70.35000000000002,1,1,1.0
36,3,203.42,248.03,100.43000000000004,46.869999999999976,1,1,1.0
37,2,76.14,366.27,145.79000000000002,70.35000000000002,1,1,1.0
37,3,203.42,248.08,100.43000000000004,46.869999999999976,1,1,1.0
38,2,46.0,369.6,153.33,71.20999999999998,1,1,1.0
38,3,203.42,248.14,100.43000000000004,46.870000000000005,1,1,1.0
39,2,21.73,377.13,153.33,71.20999999999998,1,1,1.0
39,3,203.42,248.19,100.43000000000004,46.870000000000005,1,1,1.0
40,2,0.0,375.5,152.46,82.04000000000002,1,1,1.0
40,3,203.42,248.25,100.43000000000004,46.870000000000005,1,1,1.0
41,2,0.0,378.85,134.0,82.03999999999996,1,1,1.0
41,3,203.42,248.3,100.43000000000004,46.870000000000005,1,1,1.0
42,2,0.0,378.85,105.5,88.75,1,1,1.0
42,3,203.42,248.36,100.43000000000004,46.870000000000005,1,1,1.0
43,2,0.0,378.85,81.2,88.75,1,1,1.0
43,3,203.42,248.41,100.43000000000004,46.869999999999976,1,1,1.0
44,2,0.0,378.85,57.8,88.75,1,1,1.0
44,3,203.42,248.47,100.43000000000004,46.869999999999976,1,1,1.0
45,2,0.0,391.4,24.3,76.20000000000005,1,1,1.0
45,3,203.42,248.52,100.43000000000004,46.869999999999976,1,1,1.0
46,3,203.42,248.58,100.43000000000004,46.869999999999976,1,1,1.0
47,3,203.42,248.63,100.43000000000004,46.870000000000005,1,1,1.0
48,3,203.42,248.69,100.43000000000004,46.870000000000005,1,1,1.0
49,3,203.42,248.74,100.43000000000004,46.870000000000005,1,1,1.0
50,3,203.42,248.8,100.43000000000004,46.870000000000005,1,1,1.0
51,3,203.42,248.85,100.43000000000004,46.87000000000003,1,1,1.0
52,3,203.42,248.91,100.43000000000004,46.869999999999976,1,1,1.0
53,3,203.42,248.96,100.43000000000004,46.869999999999976,1,1,1.0
54,3,203.42,249.02,100.43000000000004,46.869999999999976,1,1,1.0
55,3,203.42,249.07,100.43000000000004,46.870000000000005,1,1,1.0
55,4,929.9,224.84,30.100000000000023,68.66,1,1,1.0
56,3,203.42,249.13,100.43000000000004,46.870000000000005,1,1,1.0
56,4,924.9,224.84,35.10000000000002,68.66,1,1,1.0
57,3,203.42,249.18,100.43000000000004,46.870000000000005,1,1,1.0
57,4,918.2,224.84,41.799999999999955,68.66,1,1,1.0
58,3,203.42,249.24,100.43000000000004,46.870000000000005,1,1,1.0
58,4,914.0,224.84,46.0,68.66,1,1,1.0
59,3,203.42,249.29,100.43000000000004,46.87000000000003,1,1,1.0
59,4,909.8,224.84,50.200000000000045,68.66,1,1,1.0
60,3,203.42,249.35,100.43000000000004,46.87000000000003,1,1,1.0
60,4,908.96,225.68,50.19999999999993,68.65999999999997,1,1,1.0
61,3,203.42,249.4,100.43000000000004,46.869999999999976,1,1,1.0
61,4,898.9,225.68,60.25999999999999,68.65999999999997,1,1,1.0
62,3,203.42,249.46,100.43000000000004,46.869999999999976,1,1,1.0
62,4,894.3,226.52,64.86000000000001,68.65,1,1,1.0
63,3,203.42,249.51,100.43000000000004,46.870000000000005,1,1,1.0
63,4,889.7,227.35,69.45999999999992,68.66,1,1,1.0
64,3,203.42,249.57,100.43000000000004,46.870000000000005,1,1,1.0
64,4,888.03,230.7,69.46000000000004,68.66000000000003,1,1,1.0
65,3,203.42,249.62,100.43000000000004,46.870000000000005,1,1,1.0
65,4,880.49,229.9,77.80999999999995,72.80999999999997,1,1,1.0
66,3,203.42,249.68,100.43000000000004,46.870000000000005,1,1,1.0
66,4,876.3,229.9,82.0,72.80999999999997,1,1,1.0
67,3,203.42,249.73,100.43000000000004,46.87000000000003,1,1,1.0
67,4,864.6,229.9,93.69999999999993,72.80999999999997,1,1,1.0
68,3,203.42,249.79,100.43000000000004,46.87000000000003,1,1,1.0
68,4,857.1,229.9,101.19999999999993,82.79999999999998,1,1,1.0
69,3,203.42,249.84,100.43000000000004,46.869999999999976,1,1,1.0
69,4,849.6,229.9,108.69999999999993,82.79999999999998,1,1,1.0
70,3,203.42,249.9,100.43000000000004,46.869999999999976,1,1,1.0
70,4,844.6,229.9,113.69999999999993,82.79999999999998,1,1,1.0
71,3,203.42,249.95,100.43000000000004,46.870000000000005,1,1,1.0
71,4,839.6,229.9,118.69999999999993,82.79999999999998,1,1,1.0
72,3,203.36,249.91,100.41999999999996,46.84,1,1,1.0
72,4,832.1,229.9,126.19999999999993,82.79999999999998,1,1,1.0
73,3,203.3,249.88,100.39999999999998,46.80000000000001,1,1,1.0
73,4,821.2,233.25,137.0999999999999,82.80000000000001,1,1,1.0
74,3,203.25,249.84,100.38,46.76000000000002,1,1,1.0
74,4,819.53,229.1,137.07000000000005,89.46000000000001,1,1,1.0
75,3,203.19,249.8,100.37,46.72999999999996,1,1,1.0
75,4,811.16,232.45,145.44000000000005,89.46000000000004,1,1,1.0
76,3,203.13,249.76,100.35000000000002,46.69999999999999,1,1,1.0
76,4,800.28,228.3,158.01999999999998,99.45999999999998,1,1,1.0
77,3,203.08,249.72,100.33000000000001,46.66,1,1,1.0
77,4,796.09,228.3,162.20999999999992,99.45999999999998,1,1,1.0
78,3,203.02,249.68,100.30999999999997,46.629999999999995,1,1,1.0
78,4,786.05,228.3,173.05000000000007,99.45999999999998,1,1,1.0
79,3,202.96,249.65,100.29999999999998,46.59,1,1,1.0
79,4,779.35,229.14,176.44999999999993,99.46000000000004,1,1,1.0
80,3,202.91,249.61,100.28,46.56,1,1,1.0
80,4,775.17,232.48,176.45000000000005,99.47,1,1,1.0
81,3,202.85,249.57,100.26000000000002,46.51999999999998,1,1,1.0
81,4,768.47,235.0,176.44999999999993,99.45999999999998,1,1,1.0
82,3,202.79,249.53,100.25000000000003,46.48999999999998,1,1,1.0
82,4,765.96,236.67,176.44999999999993,99.46000000000001,1,1,1.0
83,3,202.74,249.49,100.21999999999997,46.45999999999998,1,1,1.0
83,4,756.75,236.67,176.45000000000005,99.46000000000001,1,1,1.0
84,3,202.68,249.46,100.20999999999998,46.41,1,1,1.0
84,4,746.71,241.69,176.44999999999993,99.45999999999998,1,1,1.0
85,3,202.62,249.42,100.19,46.380000000000024,1,1,1.0
85,4,734.99,238.34,179.01,99.47,1,1,1.0
86,3,202.57,249.38,100.17000000000002,46.35000000000002,1,1,1.0
86,4,724.95,241.69,186.54999999999995,99.45999999999998,1,1,1.0
87,3,202.51,249.34,100.16000000000003,46.32000000000002,1,1,1.0
87,4,718.25,244.2,186.54999999999995,99.47000000000003,1,1,1.0
87,5,684.67,261.67,42.690000000000055,33.47999999999996,1,1,1.0
88,3,202.45,249.3,100.13999999999999,46.27999999999997,1,1,1.0
88,4,704.86,242.5,196.64,107.86000000000001,1,1,1.0
88,5,677.98,261.67,42.67999999999995,33.47999999999996,1,1,1.0
89,3,202.4,249.27,100.11999999999998,46.23999999999998,1,1,1.0
89,4,699.0,243.34,196.64,107.85999999999999,1,1,1.0
89,5,666.26,261.67,42.680000000000064,33.47999999999996,1,1,1.0
90,3,202.34,249.23,100.1,46.21000000000001,1,1,1.0
90,4,686.4,244.17,200.87,107.87000000000003,1,1,1.0
90,5,653.7,262.5,42.68999999999994,33.48000000000002,1,1,1.0
91,3,202.28,249.19,100.09,46.170000000000016,1,1,1.0
91,4,675.52,245.85,200.87,107.85999999999999,1,1,1.0
91,5,640.31,264.18,42.690000000000055,33.48000000000002,1,1,1.0
92,3,202.23,249.15,100.07000000000002,46.140000000000015,1,1,1.0
92,4,666.31,247.52,200.87,107.85999999999999,1,1,1.0
92,5,631.94,265.02,42.68999999999994,33.47000000000003,1,1,1.0
93,3,202.17,249.11,100.05000000000004,46.110000000000014,1,1,1.0
93,4,657.94,246.68,202.54999999999995,107.87,1,1,1.0
93,5,616.04,268.36,42.680000000000064,33.47999999999996,1,1,1.0
94,3,202.11,249.08,100.03999999999996,46.069999999999965,1,1,1.0
94,4,638.7,246.68,221.78999999999996,118.71999999999997,1,1,1.0
94,5,604.32,268.36,42.68999999999994,33.47999999999996,1,1,1.0
95,3,202.06,249.04,100.00999999999999,46.03,1,1,1.0
95,4,630.33,246.68,221.78999999999996,118.71999999999997,1,1,1.0
95,5,593.44,263.3,76.15999999999997,38.539999999999964,1,1,1.0
96,3,202.0,249.0,100.0,46.0,1,1,1.0
96,4,618.61,250.03,221.78999999999996,118.72,1,1,1.0
96,5,579.21,266.65,76.15999999999997,38.54000000000002,1,1,1.0
97,3,202.0,249.0,100.0,46.0,1,1,1.0
97,4,611.08,249.2,221.78999999999996,118.71000000000004,1,1,1.0
97,5,568.33,268.32,76.15999999999997,38.54000000000002,1,1,1.0
98,3,202.0,249.0,100.0,46.0,1,1,1.0
98,4,593.5,252.54,231.84000000000003,124.56000000000003,1,1,1.0
98,5,553.27,268.32,76.15999999999997,38.54000000000002,1,1,1.0
99,3,203.0,249.0,100.0,46.0,1,1,1.0
99,4,589.32,252.54,231.82999999999993,124.56000000000003,1,1,1.0
99,5,541.55,268.32,76.16000000000008,38.54000000000002,1,1,1.0
100,3,202.0,249.0,100.0,46.0,1,1,1.0
100,4,578.43,255.89,231.84000000000003,124.56,1,1,1.0
100,5,522.3,268.32,76.16000000000008,38.54000000000002,1,1,1.0
101,3,202.0,249.0,100.0,46.0,1,1,1.0
101,4,555.0,257.56,244.39,127.04000000000002,1,1,1.0
101,5,514.77,268.32,76.15999999999997,38.54000000000002,1,1,1.0
102,3,202.0,249.0,100.0,46.0,1,1,1.0
102,4,548.3,258.4,244.4000000000001,127.04000000000002,1,1,1.0
102,5,501.38,268.32,76.14999999999998,38.54000000000002,1,1,1.0
103,3,203.0,249.0,100.0,46.0,1,1,1.0
103,4,519.8,256.73,265.36,127.02999999999997,1,1,1.0
103,5,486.31,268.32,76.16000000000003,38.54000000000002,1,1,1.0
104,3,203.0,249.0,100.0,46.0,1,1,1.0
104,4,503.86,260.91,274.61,127.03999999999996,1,1,1.0
104,5,471.24,268.32,76.15999999999997,38.54000000000002,1,1,1.0
105,3,203.0,249.0,100.0,46.0,1,1,1.0
105,4,492.15,267.61,274.6,127.02999999999997,1,1,1.0
105,6,678.81,253.3,92.07000000000005,33.47999999999996,1,1,1.0
105,5,456.18,270.83,76.16000000000003,38.54000000000002,1,1,1.0
106,3,202.0,249.0,100.0,46.0,1,1,1.0
106,4,480.43,272.63,274.59999999999997,127.04000000000002,1,1,1.0
106,6,670.44,253.3,92.06999999999994,33.47999999999996,1,1,1.0
106,5,442.79,270.83,76.16000000000003,38.54000000000002,1,1,1.0
107,3,202.0,249.0,100.0,46.0,1,1,1.0
107,4,463.69,271.79,289.71,127.03999999999996,1,1,1.0
107,7,931.58,210.61,25.93999999999994,61.94,1,1,1.0
107,6,658.31,254.14,92.06000000000006,33.47000000000003,1,1,1.0
107,5,433.58,270.83,93.71999999999997,38.54000000000002,1,1,1.0
108,3,203.0,249.0,100.0,46.0,1,1,1.0
108,4,439.46,275.14,313.09999999999997,132.86,1,1,1.0
108,7,928.23,210.61,29.289999999999964,61.94,1,1,1.0
108,6,646.17,254.97,92.07000000000005,33.47999999999999,1,1,1.0
108,5,415.17,272.51,93.71999999999997,38.54000000000002,1,1,1.0
109,3,203.0,249.0,100.0,46.0,1,1,1.0
109,4,423.56,275.14,313.09999999999997,132.86,1,1,1.0
109,7,924.89,210.61,32.629999999999995,61.94,1,1,1.0
109,6,630.27,257.48,92.06000000000006,33.47999999999996,1,1,1.0
109,5,401.78,273.34,93.72000000000003,38.55000000000001,1,1,1.0
110,3,201.0,247.0,100.0,46.0,1,1,1.0
110,4,410.17,275.56,313.09999999999997,132.86,1,1,1.0
110,7,921.54,210.61,35.98000000000002,61.94,1,1,1.0
110,6,616.88,257.48,92.06000000000006,33.47999999999996,1,1,1.0
110,5,389.22,275.85,93.71999999999997,38.549999999999955,1,1,1.0
111,3,204.0,249.0,100.0,46.0,1,1,1.0
111,4,396.78,275.98,313.1,132.85999999999996,1,1,1.0
111,7,918.2,210.61,39.319999999999936,61.94,1,1,1.0
111,6,610.18,257.48,92.07000000000005,33.47999999999996,1,1,1.0
111,5,375.83,275.85,93.72000000000003,38.549999999999955,1,1,1.0
112,3,203.0,249.0,100.0,46.0,1,1,1.0
112,4,382.55,270.1,322.34999999999997,148.77999999999997,1,1,1.0
112,7,915.25,210.61,42.26999999999998,61.94,1,1,1.0
112,6,598.04,258.32,92.07000000000005,33.48000000000002,1,1,1.0
112,5,355.74,275.85,106.25999999999999,38.549999999999955,1,1,1.0
113,3,203.0,249.0,100.0,46.0,1,1,1.0
113,4,360.0,270.1,330.70000000000005,173.09999999999997,1,1,1.0
113,7,912.3,210.61,45.22000000000003,61.94,1,1,1.0
113,6,585.91,259.16,92.06000000000006,33.47999999999996,1,1,1.0
113,5,343.19,276.69,106.25999999999999,38.54000000000002,1,1,1.0
114,3,203.0,249.0,100.0,46.0,1,1,1.0
114,4,343.26,271.77,330.70000000000005,173.10000000000002,1,1,1.0
114,7,906.85,210.61,50.66999999999996,63.610000000000014,1,1,1.0
114,6,569.17,259.16,92.07000000000005,33.47999999999996,1,1,1.0
114,5,330.63,277.53,106.25999999999999,38.54000000000002,1,1,1.0
115,3,203.0,249.0,100.0,46.0,1,1,1.0
115,4,325.68,277.63,341.61999999999995,173.10000000000002,1,1,1.0
115,7,901.4,210.61,56.120000000000005,65.28999999999996,1,1,1.0
115,6,556.2,260.83,92.05999999999995,33.48000000000002,1,1,1.0
115,5,315.57,277.53,106.25999999999999,38.54000000000002,1,1,1.0
116,3,203.0,249.0,100.0,46.0,1,1,1.0
116,4,304.76,274.3,352.53999999999996,178.94,1,1,1.0
116,7,896.6,210.61,60.91999999999996,66.33999999999997,1,1,1.0
116,6,543.22,262.51,92.06999999999994,33.47000000000003,1,1,1.0
116,5,301.34,279.2,106.26000000000005,38.54000000000002,1,1,1.0
117,3,203.0,249.0,100.0,46.0,1,1,1.0
117,4,291.37,274.3,352.53999999999996,178.94,1,1,1.0
117,7,891.8,210.61,65.72000000000003,67.38999999999999,1,1,1.0
117,6,528.99,263.34,92.06999999999994,33.48000000000002,1,1,1.0
117,5,281.85,281.96,111.75,38.54000000000002,1,1,1.0
118,3,203.0,249.0,100.0,46.0,1,1,1.0
118,4,277.98,274.3,352.53999999999996,178.94,1,1,1.0
118,7,887.0,210.61,70.51999999999998,68.44,1,1,1.0
118,6,514.35,263.34,97.92999999999995,35.57000000000005,1,1,1.0
118,5,267.96,282.95,111.75,38.54000000000002,1,1,1.0
119,3,203.0,249.0,100.0,46.0,1,1,1.0
119,4,264.59,277.65,352.54,178.94,1,1,1.0
119,7,882.2,210.61,75.31999999999994,69.49000000000001,1,1,1.0
119,6,499.7,263.34,103.80000000000001,37.660000000000025,1,1,1.0
119,5,254.57,283.94,111.75,38.54000000000002,1,1,1.0
120,3,203.0,249.0,100.0,46.0,1,1,1.0
120,4,209.35,281.83,410.25,178.95,1,1,1.0
120,7,876.76,210.61,75.32000000000005,69.49000000000001,1,1,1.0
120,6,479.6,263.34,113.0,37.660000000000025,1,1,1.0
120,5,235.23,283.94,111.74000000000004,38.54000000000002,1,1,1.0
121,3,203.0,250.0,100.0,46.0,1,1,1.0
121,4,192.61,291.0,410.28999999999996,189.02999999999997,1,1,1.0
121,7,871.32,210.61,75.31999999999994,69.49000000000001,1,1,1.0
121,6,467.9,263.34,112.10000000000002,37.660000000000025,1,1,1.0
121,5,222.83,287.41,111.73999999999998,38.549999999999955,1,1,1.0
122,3,203.0,250.0,100.0,46.0,1,1,1.0
122,4,180.05,291.84,410.3,189.02000000000004,1,1,1.0
122,7,867.14,211.03,75.32000000000005,69.48999999999998,1,1,1.0
122,6,450.32,264.18,112.09999999999997,37.65999999999997,1,1,1.0
122,5,202.99,287.91,111.74000000000001,38.539999999999964,1,1,1.0
123,3,203.0,250.0,100.0,46.0,1,1,1.0
123,4,138.6,292.67,434.59000000000003,189.02999999999997,1,1,1.0
123,7,862.95,211.45,75.31999999999994,69.49000000000001,1,1,1.0
123,6,434.42,265.85,112.09999999999997,37.65999999999997,1,1,1.0
123,5,188.6,288.9,111.75000000000003,38.54000000000002,1,1,1.0
124,3,203.0,249.0,100.0,46.0,1,1,1.0
124,4,145.74,293.51,410.28999999999996,189.03000000000003,1,1,1.0
124,7,858.77,211.45,75.32000000000005,69.49000000000001,1,1,1.0
124,6,420.19,267.53,112.09999999999997,37.650000000000034,1,1,1.0
124,5,172.23,292.37,111.75000000000003,38.54000000000002,1,1,1.0
125,3,203.0,249.0,100.0,46.0,1,1,1.0
125,4,99.7,303.6,446.3,198.19,1,1,1.0
125,7,849.6,211.45,84.49000000000001,69.49000000000001,1,1,1.0
125,6,410.15,267.53,112.10000000000002,37.650000000000034,1,1,1.0
125,5,153.38,292.37,116.22000000000003,38.54000000000002,1,1,1.0
126,3,203.0,249.0,100.0,46.0,1,1,1.0
126,4,72.92,307.8,461.37999999999994,199.84999999999997,1,1,1.0
126,7,838.72,211.45,84.49000000000001,69.49000000000001,1,1,1.0
126,6,393.41,270.88,112.09999999999997,37.64999999999998,1,1,1.0
126,5,136.02,292.37,116.22,38.54000000000002,1,1,1.0
127,3,203.0,250.0,100.0,46.0,1,1,1.0
127,4,39.44,308.6,483.16,213.26999999999998,1,1,1.0
127,7,835.37,212.29,84.49000000000001,69.47999999999999,1,1,1.0
127,6,375.41,270.46,117.95999999999998,40.160000000000025,1,1,1.0
127,5,118.66,293.37,116.22,38.54000000000002,1,1,1.0
128,3,203.0,250.0,100.0,46.0,1,1,1.0
128,4,19.35,314.46,483.15999999999997,213.27000000000004,1,1,1.0
128,7,832.02,213.12,84.49000000000001,69.49000000000001,1,1,1.0
128,6,357.4,270.04,123.84000000000003,42.65999999999997,1,1,1.0
128,5,118.66,293.37,106.34,38.54000000000002,1,1,1.0
129,3,203.0,250.0,100.0,46.0,1,1,1.0
129,4,16.84,314.46,483.16,213.27000000000004,1,1,1.0
129,7,823.7,213.12,92.80999999999995,69.49000000000001,1,1,1.0
129,6,343.17,271.71,123.83999999999997,42.660000000000025,1,1,1.0
129,5,118.66,293.37,87.53999999999999,38.54000000000002,1,1,1.0
130,3,203.0,250.0,100.0,46.0,1,1,1.0
130,4,8.71,309.2,472.99,218.53000000000003,1,1,1.0
130,7,813.66,213.12,92.81000000000006,69.49000000000001,1,1,1.0
130,6,328.94,271.71,123.83999999999997,42.660000000000025,1,1,1.0
130,5,118.66,293.37,71.64000000000001,38.54000000000002,1,1,1.0
131,3,203.0,250.0,100.0,46.0,1,1,1.0
131,4,0.6,315.3,453.29999999999995,212.43,1,1,1.0
131,7,809.47,213.12,92.80999999999995,69.49000000000001,1,1,1.0
131,6,312.2,273.39,123.84000000000003,42.660000000000025,1,1,1.0
131,5,118.66,297.33,52.84,38.54000000000002,1,1,1.0
132,3,203.0,250.0,100.0,46.0,1,1,1.0
132,4,0.0,317.33,439.67,212.44,1,1,1.0
132,7,804.45,213.96,92.80999999999995,69.48999999999998,1,1,1.0
132,6,302.16,273.39,123.83999999999997,42.660000000000025,1,1,1.0
132,5,22.0,298.33,131.1,52.77000000000004,1,1,1.0
133,3,203.0,250.0,100.0,46.0,1,1,1.0
133,4,8.42,316.32,417.01,212.43,1,1,1.0
133,7,799.43,214.8,92.81000000000006,69.47999999999996,1,1,1.0
133,6,287.1,274.22,123.82999999999998,42.65999999999997,1,1,1.0
133,5,0.7,298.33,152.4,51.77000000000004,1,1,1.0
134,3,203.0,250.0,100.0,46.0,1,1,1.0
134,4,16.84,315.3,394.36,212.43,1,1,1.0
134,7,790.22,214.8,92.80999999999995,69.47999999999996,1,1,1.0
134,6,270.36,274.22,123.82999999999998,42.65999999999997,1,1,1.0
134,5,0.7,298.33,122.89999999999999,51.77000000000004,1,1,1.0
135,3,203.0,250.0,100.0,46.0,1,1,1.0
135,4,16.84,315.3,374.83000000000004,212.43,1,1,1.0
135,7,785.2,214.8,92.80999999999995,69.47999999999996,1,1,1.0
135,6,255.29,275.9,123.84,42.660000000000025,1,1,1.0
135,5,0.7,298.33,104.6,51.77000000000004,1,1,1.0
136,3,203.0,251.0,100.0,46.0,1,1,1.0
136,4,16.84,315.3,355.29,212.43,1,1,1.0
136,7,778.5,216.47,92.80999999999995,69.48999999999998,1,1,1.0
136,6,241.06,276.73,123.83999999999997,42.66999999999996,1,1,1.0
136,5,0.7,298.33,81.2,51.77000000000004,1,1,1.0
137,3,203.0,251.0,100.0,46.0,1,1,1.0
137,4,16.84,315.3,335.76000000000005,212.43,1,1,1.0
137,7,773.48,217.31,92.80999999999995,69.49000000000001,1,1,1.0
137,6,226.83,281.76,123.84,42.660000000000025,1,1,1.0
137,5,0.7,298.33,68.0,51.77000000000004,1,1,1.0
138,3,203.0,251.0,100.0,46.0,1,1,1.0
138,4,11.23,325.9,321.84,205.92000000000007,1,1,1.0
138,7,764.27,219.82,92.81000000000006,69.49000000000001,1,1,1.0
138,6,210.1,282.58,123.83000000000001,45.19,1,1,1.0
138,8,692.2,499.4,156.51999999999998,36.79000000000008,1,1,1.0
138,5,0.7,305.45,46.599999999999994,51.77000000000004,1,1,1.0
139,3,203.0,251.0,100.0,46.0,1,1,1.0
139,4,5.61,336.5,307.91999999999996,199.40999999999997,1,1,1.0
139,7,761.76,219.82,92.81000000000006,69.49000000000001,1,1,1.0
139,6,193.36,283.4,123.82999999999998,47.710000000000036,1,1,1.0
139,8,699.73,493.1,156.51999999999998,45.0,1,1,1.0
139,5,0.7,305.45,33.4,51.77000000000004,1,1,1.0
140,3,203.0,250.0,100.0,46.0,1,1,1.0
140,4,0.0,347.1,294.0,192.89999999999998,1,1,1.0
140,7,754.65,221.07,92.81000000000006,69.49000000000001,1,1,1.0
140,6,173.3,283.4,129.7,47.710000000000036,1,1,1.0
140,8,707.27,486.8,156.51,53.19999999999999,1,1,1.0
141,3,203.0,250.0,100.0,46.0,1,1,1.0
141,4,0.0,350.05,273.5,183.82,1,1,1.0
141,7,747.53,222.33,92.81000000000006,69.48999999999998,1,1,1.0
141,6,153.21,284.24,129.70000000000002,47.70999999999998,1,1,1.0
141,8,721.49,481.8,156.51999999999998,58.19999999999999,1,1,1.0
142,3,203.0,250.0,100.0,46.0,1,1,1.0
142,4,0.0,353.0,253.0,174.73000000000002,1,1,1.0
142,7,739.16,224.0,92.82000000000005,69.49000000000001,1,1,1.0
142,6,137.31,284.66,129.7,47.70999999999998,1,1,1.0
142,8,721.49,479.3,156.51999999999998,60.69999999999999,1,1,1.0
143,3,203.0,250.0,100.0,46.0,1,1,1.0
143,4,8.42,353.0,221.98000000000002,174.73000000000002,1,1,1.0
143,7,733.31,224.84,92.81000000000006,69.48999999999998,1,1,1.0
143,6,121.41,285.07,129.70000000000002,47.72000000000003,1,1,1.0
143,8,740.75,479.3,156.51,60.69999999999999,1,1,1.0
144,3,203.0,251.0,100.0,46.0,1,1,1.0
144,4,16.84,353.0,190.96,174.73000000000002,1,1,1.0
144,7,716.6,226.52,101.14999999999998,71.17999999999998,1,1,1.0
144,6,105.5,285.91,129.71,47.70999999999998,1,1,1.0
144,8,740.75,470.1,156.51,69.89999999999998,1,1,1.0
145,3,203.0,251.0,100.0,46.0,1,1,1.0
145,4,16.84,358.85,168.35999999999999,168.88,1,1,1.0
145,7,712.41,226.52,101.14999999999998,71.17999999999998,1,1,1.0
145,6,87.09,290.1,129.7,47.70999999999998,1,1,1.0
145,8,756.65,465.92,156.51,71.57999999999998,1,1,1.0
146,3,203.0,251.0,100.0,46.0,1,1,1.0
146,4,16.84,364.7,145.76,163.03000000000003,1,1,1.0
146,7,703.21,226.52,101.14999999999998,71.17999999999998,1,1,1.0
146,6,71.19,290.1,129.7,47.70999999999998,1,1,1.0
146,8,765.02,465.08,156.51,74.92000000000002,1,1,1.0
147,3,203.0,251.0,100.0,46.0,1,1,1.0
147,4,16.84,377.3,112.25999999999999,150.43,1,1,1.0
147,7,692.3,226.52,107.03000000000009,71.17999999999998,1,1,1.0
147,6,46.92,290.93,143.07999999999998,51.870000000000005,1,1,1.0
147,8,773.39,455.06,156.51,80.30000000000001,1,1,1.0
148,3,204.0,251.0,100.0,46.0,1,1,1.0
148,4,16.84,384.0,98.86,143.73000000000002,1,1,1.0
148,7,682.26,228.19,107.02999999999997,71.18,1,1,1.0
148,6,30.18,290.93,143.07999999999998,51.870000000000005,1,1,1.0
148,8,781.34,450.46,156.51,80.29000000000002,1,1,1.0
149,3,204.0,251.0,100.0,46.0,1,1,1.0
149,4,16.84,384.0,98.86,143.73000000000002,1,1,1.0
149,7,677.23,229.86,107.03999999999996,71.19,1,1,1.0
149,6,17.62,292.61,143.09,61.089999999999975,1,1,1.0
149,8,789.29,445.85,156.51999999999998,80.29999999999995,1,1,1.0
150,3,204.0,251.0,100.0,46.0,1,1,1.0
150,7,673.89,230.7,107.02999999999997,71.18,1,1,1.0
150,6,17.62,292.61,124.68,61.089999999999975,1,1,1.0
150,8,801.01,442.08,151.89,80.30000000000001,1,1,1.0
151,3,203.0,251.0,100.0,46.0,1,1,1.0
151,7,659.66,229.86,107.03000000000009,71.19,1,1,1.0
151,6,17.62,292.61,106.28,61.089999999999975,1,1,1.0
151,8,812.72,438.32,147.27999999999997,80.29000000000002,1,1,1.0
152,3,203.0,251.0,100.0,46.0,1,1,1.0
152,7,647.14,229.86,113.70000000000005,71.19,1,1,1.0
152,6,17.62,292.61,87.88,61.089999999999975,1,1,1.0
152,8,836.2,432.46,120.44999999999993,80.30000000000001,1,1,1.0
153,3,203.0,251.0,100.0,46.0,1,1,1.0
153,7,637.1,229.86,123.74000000000001,71.19,1,1,1.0
153,6,17.62,292.61,70.28,61.089999999999975,1,1,1.0
153,8,836.2,426.6,120.44999999999993,86.15999999999997,1,1,1.0
154,3,204.0,251.0,100.0,46.0,1,1,1.0
154,7,626.22,229.86,123.73000000000002,71.19,1,1,1.0
154,6,17.62,292.61,50.629999999999995,61.089999999999975,1,1,1.0
154,8,851.3,426.6,105.35000000000002,86.15999999999997,1,1,1.0
155,3,204.0,252.0,100.0,46.0,1,1,1.0
155,7,616.17,229.86,123.74000000000001,71.19,1,1,1.0
155,6,17.62,292.61,30.98,61.089999999999975,1,1,1.0
155,8,855.48,419.9,104.51999999999998,86.16000000000003,1,1,1.0
156,3,204.0,252.0,100.0,46.0,1,1,1.0
156,7,609.48,229.86,123.73000000000002,71.19,1,1,1.0
156,8,860.09,414.46,99.90999999999997,86.16000000000003,1,1,1.0
157,3,204.0,252.0,100.0,46.0,1,1,1.0
157,7,601.95,229.86,123.7299999999999,71.19,1,1,1.0
157,8,864.69,409.02,95.30999999999995,86.16000000000003,1,1,1.0
158,3,204.0,253.0,100.0,46.0,1,1,1.0
158,7,592.74,232.37,123.73000000000002,71.19,1,1,1.0
158,8,879.8,409.02,80.20000000000005,86.16000000000003,1,1,1.0
159,3,203.0,252.0,100.0,46.0,1,1,1.0
159,7,578.5,232.37,122.10000000000002,71.19,1,1,1.0
159,8,877.29,404.0,80.20000000000005,86.16000000000003,1,1,1.0
160,3,203.0,252.0,100.0,46.0,1,1,1.0
160,7,565.1,232.37,135.5,71.19,1,1,1.0
160,8,883.99,400.65,76.00999999999999,86.16000000000003,1,1,1.0
161,3,204.0,253.0,100.0,46.0,1,1,1.0
161,7,551.71,232.37,135.5,71.19,1,1,1.0
161,8,896.5,400.65,63.5,81.15000000000003,1,1,1.0
162,3,204.0,253.0,100.0,46.0,1,1,1.0
162,7,541.67,232.37,135.5,71.19,1,1,1.0
162,8,899.01,390.61,60.99000000000001,81.14999999999998,1,1,1.0
163,3,204.0,253.0,100.0,46.0,1,1,1.0
163,7,528.27,234.05,135.5,71.18,1,1,1.0
163,8,902.36,388.94,57.639999999999986,81.13999999999999,1,1,1.0
164,3,203.0,253.0,100.0,46.0,1,1,1.0
164,7,517.39,235.72,135.5,71.19000000000003,1,1,1.0
164,8,912.4,386.43,47.60000000000002,81.13999999999999,1,1,1.0
165,3,203.0,253.0,100.0,46.0,1,1,1.0
165,7,514.88,235.72,135.5,71.19000000000003,1,1,1.0
165,8,918.48,386.43,41.51999999999998,75.5,1,1,1.0
166,3,203.0,253.0,100.0,46.0,1,1,1.0
166,7,504.0,235.72,135.5,71.19000000000003,1,1,1.0
166,8,924.55,386.43,35.450000000000045,69.86000000000001,1,1,1.0
167,3,202.0,252.0,100.0,46.0,1,1,1.0
167,7,490.61,235.72,135.5,71.19000000000003,1,1,1.0
167,8,930.63,386.43,29.370000000000005,64.20999999999998,1,1,1.0
168,3,202.0,252.0,100.0,46.0,1,1,1.0
168,7,486.42,235.72,124.58999999999997,71.19000000000003,1,1,1.0
168,8,936.7,386.43,23.299999999999955,58.56999999999999,1,1,1.0
169,3,203.0,253.0,100.0,46.0,1,1,1.0
169,7,468.8,237.4,134.68,71.17999999999998,1,1,1.0
169,8,944.2,386.43,15.799999999999955,58.56999999999999,1,1,1.0
170,3,203.0,253.0,100.0,46.0,1,1,1.0
170,7,459.59,238.23,134.68,71.19000000000003,1,1,1.0
171,3,202.0,252.0,100.0,46.0,1,1,1.0
171,7,449.55,238.23,134.68,71.19000000000003,1,1,1.0
172,3,202.0,252.0,100.0,46.0,1,1,1.0
172,7,436.16,238.23,134.68,71.19000000000003,1,1,1.0
173,3,202.0,252.0,100.0,46.0,1,1,1.0
173,7,426.11,238.23,134.68999999999994,71.19000000000003,1,1,1.0
174,3,202.0,252.0,100.0,46.0,1,1,1.0
174,7,414.4,238.23,134.68000000000006,71.19000000000003,1,1,1.0
175,3,202.0,252.0,100.0,46.0,1,1,1.0
175,7,405.19,238.23,134.68,71.19000000000003,1,1,1.0
176,3,202.0,252.0,100.0,46.0,1,1,1.0
176,7,390.12,240.74,134.68999999999994,71.19,1,1,1.0
177,3,202.0,252.0,100.0,46.0,1,1,1.0
177,7,378.41,240.74,134.68,71.19,1,1,1.0
178,3,203.0,252.0,100.0,46.0,1,1,1.0
178,7,370.88,240.74,134.68,71.19,1,1,1.0
179,3,202.0,252.0,100.0,46.0,1,1,1.0
179,7,360.0,240.74,134.68,71.19,1,1,1.0
180,3,202.0,251.0,100.0,46.0,1,1,1.0
180,7,348.28,240.74,134.68,71.19,1,1,1.0
181,3,202.0,251.0,100.0,46.0,1,1,1.0
181,7,334.89,240.74,134.68,71.19,1,1,1.0
182,3,202.0,251.0,100.0,46.0,1,1,1.0
182,7,325.68,241.58,134.68,71.17999999999998,1,1,1.0
183,3,203.0,251.0,100.0,46.0,1,1,1.0
183,7,308.9,241.58,142.26000000000005,84.61999999999998,1,1,1.0
184,3,203.0,251.0,100.0,46.0,1,1,1.0
184,7,301.37,241.58,142.25,84.61999999999998,1,1,1.0
185,3,204.0,252.0,100.0,46.0,1,1,1.0
185,7,295.51,242.42,142.25,84.62000000000003,1,1,1.0
186,3,204.0,252.0,100.0,46.0,1,1,1.0
186,7,275.42,244.09,142.25,84.61999999999998,1,1,1.0
187,3,204.0,252.0,100.0,46.0,1,1,1.0
187,7,266.21,243.25,142.26000000000005,84.62,1,1,1.0
188,3,204.0,252.0,100.0,46.0,1,1,1.0
188,7,252.82,244.09,142.26,84.61999999999998,1,1,1.0
189,3,204.0,252.0,100.0,46.0,1,1,1.0
189,7,243.62,244.09,142.25,84.61999999999998,1,1,1.0
190,3,203.0,250.0,100.0,46.0,1,1,1.0
190,7,243.62,244.09,142.25,84.61999999999998,1,1,1.0
